recipients="12348176903 19174123069 16464654404 16313597959 13474842296 13478061780 13477618738 13475495301 17183087930 13472499176 19172442439 15167245049 15854513603 15854892342 13476505486 13472869648 19176098116 16462472051 13477746516 13477550238 16315263852 18622329379 19177967905 19175207329 18173602704 19175396116 13475366154 16463714701 19295515453 15168007030 13479683376 16466831781 19292390398 16465122721"
message="Team - we are really excited for tomorrow and hope you are too. Please visit https://s3.amazonaws.com/globalmissionchurchny.com/index.html for more details about the tournament and let us know if you have any questions."

recipients="2348176903 9177800472"
message="Kata ho?"

recipients="2348176903"
message=""

recipients="19174123069 16464654404 16313597959 13474842296 13478061780 13477618738 13475495301 17183087930 13472499176 19172442439 15167245049 15854513603 15854892342 13476505486 13472869648 19176098116 16462472051 13477746516 13477550238 16315263852 18622329379 19177967905 19175207329 18173602704 19175396116 13475366154 16463714701 19295515453 15168007030 13479683376 16466831781 19292390398 16465122721"
message=""

recipients="19174123069 16464654404 16313597959 13474842296 13478061780 13477618738 13475495301 17183087930 13472499176 19172442439 15167245049 15854513603 15854892342 13476505486 13472869648 19176098116 16462472051 13477746516 13477550238 16315263852 18622329379 19177967905 19175207329 18173602704 19175396116 13475366154 16463714701 19295515453 15168007030 13479683376 16466831781 19292390398 16465122721"
message=""

recipients="19174123069 16464654404 16313597959 13474842296 13478061780 13477618738 13475495301 17183087930 13472499176 19172442439 15167245049 15854513603 15854892342 13476505486 13472869648 19176098116 16462472051 13477746516 13477550238 16315263852 18622329379 19177967905 19175207329 18173602704 19175396116 13475366154 16463714701 19295515453 15168007030 13479683376 16466831781 19292390398 16465122721"
message=""

recipients="19174123069 16464654404 16313597959 13474842296 13478061780 13477618738 13475495301 17183087930 13472499176 19172442439 15167245049 15854513603 15854892342 13476505486 13472869648 19176098116 16462472051 13477746516 13477550238 16315263852 18622329379 19177967905 19175207329 18173602704 19175396116 13475366154 16463714701 19295515453 15168007030 13479683376 16466831781 19292390398 16465122721"
message=""

recipients="19174123069 16464654404 16313597959 13474842296 13478061780 13477618738 13475495301 17183087930 13472499176 19172442439 15167245049 15854513603 15854892342 13476505486 13472869648 19176098116 16462472051 13477746516 13477550238 16315263852 18622329379 19177967905 19175207329 18173602704 19175396116 13475366154 16463714701 19295515453 15168007030 13479683376 16466831781 19292390398 16465122721"
message=""

recipients="19174123069 16464654404 16313597959 13474842296 13478061780 13477618738 13475495301 17183087930 13472499176 19172442439 15167245049 15854513603 15854892342 13476505486 13472869648 19176098116 16462472051 13477746516 13477550238 16315263852 18622329379 19177967905 19175207329 18173602704 19175396116 13475366154 16463714701 19295515453 15168007030 13479683376 16466831781 19292390398 16465122721"
message=""